TractID,FIPSstate,FIPScounty,FIPStract,pop0-4,pop5-18,pop19-29,pop30-64,pop65+,workers
0,53,33,100,406,1217,726,2567,615,1077
1,53,33,200,481,1668,896,3463,837,658
2,53,33,300,179,519,335,1178,276,285
3,53,33,401,284,1049,582,2291,530,691
4,53,33,402,318,1015,598,2116,537,701
5,53,33,500,216,742,420,1549,370,335
6,53,33,600,455,1649,941,3479,838,2136
7,53,33,700,258,901,510,2004,517,543
8,53,33,800,179,568,331,1231,291,223
9,53,33,900,147,440,243,946,269,170
10,53,33,1000,109,379,204,793,223,606
11,53,33,1100,167,544,317,1055,287,205
12,53,33,1200,387,1358,749,2915,697,2990
13,53,33,1300,262,951,553,1928,489,901
14,53,33,1400,294,1049,555,2206,571,438
15,53,33,1500,152,531,295,1117,258,178
16,53,33,1600,279,898,508,1812,450,611
17,53,33,1700,507,1537,965,3438,1002,1261
18,53,33,1800,224,878,505,1928,457,371
19,53,33,1900,242,775,468,1558,381,2004
20,53,33,2000,206,679,413,1479,340,388
21,53,33,2100,226,837,472,1687,415,506
22,53,33,2200,360,1234,654,2545,604,375
23,53,33,2400,173,582,408,1313,353,335
24,53,33,2500,167,510,320,1236,310,378
25,53,33,2600,299,1021,579,2076,550,702
26,53,33,2700,320,1049,667,2290,621,963
27,53,33,2800,279,918,595,1968,476,454
28,53,33,2900,269,902,462,1900,455,606
29,53,33,3000,335,1176,658,2518,564,723
30,53,33,3100,409,1323,747,2912,648,405
31,53,33,3200,454,1595,920,3391,853,1410
32,53,33,3300,343,1303,715,2751,720,546
33,53,33,3400,189,710,402,1516,382,276
34,53,33,3500,222,832,459,1700,426,826
35,53,33,3600,321,1087,620,2260,598,1383
36,53,33,3800,137,434,246,926,237,336
37,53,33,3900,161,601,322,1270,317,417
38,53,33,4000,150,521,319,1095,301,795
39,53,33,4100,505,1702,1002,3458,844,2853
40,53,33,4200,480,1589,850,3445,842,1285
41,53,33,4300,385,1366,761,2945,677,5968
42,53,33,4400,350,1266,714,2694,718,788
43,53,33,4500,162,545,290,1156,263,305
44,53,33,4600,216,659,408,1395,345,442
45,53,33,4700,329,1041,631,2319,596,4669
46,53,33,4800,251,1000,523,2074,480,1018
47,53,33,4900,396,1182,779,2596,573,2750
48,53,33,5000,211,723,436,1525,358,1324
49,53,33,5100,211,756,435,1618,434,750
50,53,33,5200,328,1173,657,2516,611,1707
51,53,33,5301,567,1853,1119,3977,995,3874
52,53,33,5302,150,547,346,1190,297,11341
53,53,33,5400,266,949,555,1982,490,1892
54,53,33,5600,399,1365,816,2904,745,795
55,53,33,5700,385,1329,725,2873,679,1035
56,53,33,5801,317,1009,611,2142,465,1591
57,53,33,5802,322,1064,641,2224,571,1906
58,53,33,5900,430,1487,875,3115,809,1832
59,53,33,6000,315,945,614,2252,600,1757
60,53,33,6100,308,969,575,2086,509,1626
61,53,33,6200,272,799,515,1747,468,761
62,53,33,6300,322,1084,647,2376,582,1028
63,53,33,6400,212,695,421,1489,386,578
64,53,33,6500,233,913,523,1882,497,751
65,53,33,6600,205,661,359,1416,314,3312
66,53,33,6700,338,1223,681,2531,597,5159
67,53,33,6800,179,589,313,1278,288,1249
68,53,33,6900,244,860,470,1791,481,360
69,53,33,7000,460,1495,868,3255,779,1352
70,53,33,7100,139,392,263,827,191,5594
71,53,33,7200,230,714,358,1430,353,9423
72,53,33,7300,156,482,288,1014,279,8538
73,53,33,7400,570,2003,1140,4185,1037,1311
74,53,33,7500,382,1218,687,2598,669,2182
75,53,33,7600,220,755,405,1525,357,1096
76,53,33,7700,264,919,502,1843,465,578
77,53,33,7800,344,1135,665,2390,563,1103
78,53,33,7900,294,921,549,1975,495,783
79,53,33,8001,236,760,410,1609,395,5190
80,53,33,8002,156,681,329,1298,300,3097
81,53,33,8100,222,735,427,1643,453,36823
82,53,33,8200,171,642,379,1329,355,13910
83,53,33,8300,152,588,346,1156,266,3322
84,53,33,8400,241,844,487,1819,448,4038
85,53,33,8500,410,1351,764,2809,691,7862
86,53,33,8600,276,878,554,1917,473,2897
87,53,33,8700,248,811,495,1782,456,1910
88,53,33,8800,218,805,467,1638,378,404
89,53,33,8900,301,1051,592,2161,492,822
90,53,33,9000,170,463,298,987,220,1668
91,53,33,9100,146,484,263,969,222,1811
92,53,33,9200,135,398,238,827,238,2684
93,53,33,9300,165,533,343,1231,334,16014
94,53,33,9400,316,1129,619,2488,655,1205
95,53,33,9500,376,1275,717,2689,662,1269
96,53,33,9600,341,1104,646,2253,577,1085
97,53,33,9701,328,1136,689,2531,643,560
98,53,33,9702,296,1125,643,2387,562,444
99,53,33,9800,426,1331,724,2703,637,1503
100,53,33,9900,271,998,587,2054,429,1946
101,53,33,10000,528,1808,957,3880,967,2205
102,53,33,10100,398,1286,761,2794,704,1009
103,53,33,10200,314,1100,604,2296,556,297
104,53,33,10300,400,1415,774,2911,679,1139
105,53,33,10400,611,1999,1182,4191,1020,477
106,53,33,10500,338,1281,651,2626,585,2145
107,53,33,10600,451,1623,906,3307,789,969
108,53,33,10700,387,1371,800,2870,712,441
109,53,33,10800,293,966,531,2030,498,811
110,53,33,10900,70,258,133,575,145,7105
111,53,33,11000,434,1305,844,2880,798,451
112,53,33,11101,295,1064,571,2151,479,150
113,53,33,11102,280,981,537,2097,470,540
114,53,33,11200,225,884,431,1781,396,1417
115,53,33,11300,423,1368,725,2752,707,521
116,53,33,11400,534,1784,1021,3678,890,842
117,53,33,11500,314,895,506,1988,470,268
118,53,33,11600,373,1377,796,2885,680,626
119,53,33,11700,339,1121,743,2403,586,737
120,53,33,11800,524,1603,981,3506,884,845
121,53,33,11900,479,1569,934,3352,827,291
122,53,33,12000,215,762,398,1619,408,345
123,53,33,12100,185,592,346,1279,343,212
